# taille graine station tpsCalculDyn tpsCalculRec
1 1 2 5 6
2 1 3 1 3
3 1 4 1 4
4 1 5 1 5
5 1 6 4 3
6 1 7 2 5
7 1 8 4 4
8 1 9 5 4
9 1 10 5 4
10 1 11 4 4
11 1 12 1 1
12 1 13 4 4
13 1 14 2 5
14 1 15 3 6
15 1 16 4 9
16 1 17 4 3
17 1 18 4 21
18 1 19 4 34
19 1 20 4 45
20 1 21 3 60
21 1 22 4 80
22 1 23 4 116
23 1 24 3 218
24 1 25 4 410
25 1 26 2 759
26 1 27 4 1502
27 1 28 4 2964
28 1 29 4 5880
29 1 30 4 11684
30 1 31 4 23357
31 1 32 1 46600
32 1 33 4 93424
33 1 34 1
34 1 35 5
35 1 36 3
36 1 37 3
37 1 38 3
38 1 39 4
39 1 40 6
